roc_auc: 0.921875
f1: 0.5714285714285714
accuracy: 0.85


JSON:
{
  "roc_auc": 0.921875,
  "f1": 0.5714285714285714,
  "accuracy": 0.85
}