roc_auc: 0.78125
f1: 0.4
accuracy: 0.85


JSON:
{
  "roc_auc": 0.78125,
  "f1": 0.4,
  "accuracy": 0.85
}